runfile('D:/Desktop/CAAM550/hw2/hw2p1.py', wdir='D:/Desktop/CAAM550/hw2')
Bisection Method returned with iflag = 0
Final root approximation: 310.81950389780104
 iter       a             b             c           f(c) 
   0   2.000000e+02   4.000000e+02   3.000000e+02  -8.555513e+01
   1   4.000000e+02   3.000000e+02   3.500000e+02   3.270200e+02
   2   3.000000e+02   3.500000e+02   3.250000e+02   1.150824e+02
   3   3.000000e+02   3.250000e+02   3.125000e+02   1.345865e+01
   4   3.000000e+02   3.125000e+02   3.062500e+02  -3.636151e+01
   5   3.125000e+02   3.062500e+02   3.093750e+02  -1.153135e+01
   6   3.125000e+02   3.093750e+02   3.109375e+02   9.434713e-01
   7   3.093750e+02   3.109375e+02   3.101562e+02  -5.298958e+00
   8   3.109375e+02   3.101562e+02   3.105469e+02  -2.179002e+00
   9   3.109375e+02   3.105469e+02   3.107422e+02  -6.180801e-01
  10   3.109375e+02   3.107422e+02   3.108398e+02   1.626168e-01
  11   3.107422e+02   3.108398e+02   3.107910e+02  -2.277513e-01
  12   3.108398e+02   3.107910e+02   3.108154e+02  -3.257217e-02
  13   3.108398e+02   3.108154e+02   3.108276e+02   6.502109e-02
  14   3.108154e+02   3.108276e+02   3.108215e+02   1.622415e-02
  15   3.108154e+02   3.108215e+02   3.108185e+02  -8.174087e-03
  16   3.108215e+02   3.108185e+02   3.108200e+02   4.025013e-03
  17   3.108185e+02   3.108200e+02   3.108192e+02  -2.074542e-03
  18   3.108200e+02   3.108192e+02   3.108196e+02   9.752347e-04
  19   3.108192e+02   3.108196e+02   3.108194e+02  -5.496538e-04
  20   3.108196e+02   3.108194e+02   3.108195e+02   2.127904e-04
  21   3.108194e+02   3.108195e+02   3.108195e+02  -1.684317e-04
  22   3.108195e+02   3.108195e+02   3.108195e+02   2.217931e-05
  23   3.108195e+02   3.108195e+02   3.108195e+02  -7.312621e-05
  24   3.108195e+02   3.108195e+02   3.108195e+02  -2.547345e-05
  25   3.108195e+02   3.108195e+02   3.108195e+02  -1.647070e-06
  26   3.108195e+02   3.108195e+02   3.108195e+02   1.026612e-05
  27   3.108195e+02   3.108195e+02   3.108195e+02   4.309525e-06
  28   3.108195e+02   3.108195e+02   3.108195e+02   1.331227e-06
  29   3.108195e+02   3.108195e+02   3.108195e+02  -1.579213e-07
  30   3.108195e+02   3.108195e+02   3.108195e+02   5.866531e-07

 Newton's method returned with iflag = 0
Final root approximation: 310.81950387104825
 iter        x           f(x)           step
   0   2.000000e+00  -2.073371e+03   3.299873e+02
   1   3.319873e+02   1.731045e+02  -2.068435e+01
   2   3.113029e+02   3.866959e+00  -4.832005e-01
   3   3.108197e+02   1.932617e-03  -2.417340e-04
   4   3.108195e+02   4.825154e-10  -6.035360e-11