runfile('D:/Desktop/CAAM550/hw2/hw2p3.py', wdir='D:/Desktop/CAAM550/hw2')
Bisection Method returned with iflag = 0
Final root approximation: 9.956359863281248e-06
 iter       a             b             c           f(c) 
   0   0.000000e+00   1.000000e-02   5.000000e-03   5.513244e-04
   1   0.000000e+00   5.000000e-03   2.500000e-03   1.842139e-04
   2   0.000000e+00   2.500000e-03   1.250000e-03   7.455639e-05
   3   0.000000e+00   1.250000e-03   6.250000e-04   3.431130e-05
   4   0.000000e+00   6.250000e-04   3.125000e-04   1.617374e-05
   5   0.000000e+00   3.125000e-04   1.562500e-04   7.581283e-06
   6   0.000000e+00   1.562500e-04   7.812500e-05   3.585480e-06
   7   0.000000e+00   7.812500e-05   3.906250e-05   1.621139e-06
   8   0.000000e+00   3.906250e-05   1.953125e-05   5.582887e-07
   9   0.000000e+00   1.953125e-05   9.765625e-06  -1.296822e-08
  10   1.953125e-05   9.765625e-06   1.464844e-05   2.744219e-07
  11   9.765625e-06   1.464844e-05   1.220703e-05   1.305808e-07
  12   9.765625e-06   1.220703e-05   1.098633e-05   5.864270e-08
  13   9.765625e-06   1.098633e-05   1.037598e-05   2.277517e-08
  14   9.765625e-06   1.037598e-05   1.007080e-05   4.884888e-09
  15   9.765625e-06   1.007080e-05   9.918213e-06  -4.046725e-09
  16   1.007080e-05   9.918213e-06   9.994507e-06   4.178694e-10

For lambda = .001, phi'(lambda) = 0.06522617115919326

 Newton's method returned with iflag = 0
Final root approximation: 8.519460202017354e-06
 iter        x           f(x)           step
   0   1.000000e-02   1.885584e-03  -5.479492e-03
   1   4.520508e-03   4.651251e-04  -2.704803e-03
   2   1.815705e-03   1.186088e-04  -1.385199e-03
   3   4.305066e-04   2.291946e-05  -3.971033e-04
   4   3.340323e-05   1.323602e-06  -2.488377e-05
   5   8.519460e-06  -8.532946e-08   1.480820e-06